1 4.76217393479776 1.04994065073189
2 4.60517018598809 1.08573620475813
3 4.47733681447821 1.11673528420548
4 4.27666611901606 1.16913498993238
6 3.97029191355212 1.2593532437585
9 3.38439026334577 0.295474198360153
10 3.22684399451738 0.309900324186439
13 2.72129542785223 0.367472046498548
15 2.4423470353692 0.40944222320512


0 4.90684074633501
0.2 4.87343134856334
0.4 4.84002195079166
0.6 4.80661255301998
0.8 4.77320315524831
1 4.73979375747663
1.2 4.70638435970496
1.4 4.67297496193328
1.6 4.6395655641616
1.8 4.60615616638993
2 4.57274676861825
2.2 4.53933737084658
2.4 4.5059279730749
2.6 4.47251857530322
2.8 4.43910917753155
3 4.40569977975987
3.2 4.3722903819882
3.4 4.33888098421652
3.6 4.30547158644484
3.8 4.27206218867317
4 4.23865279090149
4.2 4.20524339312982
4.4 4.17183399535814
4.6 4.13842459758647
4.8 4.10501519981479
5 4.07160580204311
5.2 4.03819640427144
5.4 4.00478700649976
5.6 3.97137760872809
5.8 3.93796821095641
6 3.90455881318473
6.2 3.87114941541306
6.4 3.83774001764138
6.6 3.80433061986971
6.8 3.77092122209803
7 3.73751182432635
7.2 3.70410242655468
7.4 3.670693028783
7.6 3.63728363101133
7.8 3.60387423323965
8 3.57046483546797
8.2 3.5370554376963
8.4 3.50364603992462
8.6 3.47023664215295
8.8 3.43682724438127
9 3.40341784660959
9.2 3.37000844883792
9.4 3.33659905106624
9.6 3.30318965329457
9.8 3.26978025552289
10 3.23637085775121
10.2 3.20296145997954
10.4 3.16955206220786
10.6 3.13614266443619
10.8 3.10273326666451
11 3.06932386889284
11.2 3.03591447112116
11.4 3.00250507334948
11.6 2.96909567557781
11.8 2.93568627780613
12 2.90227688003446
12.2 2.86886748226278
12.4 2.8354580844911
12.6 2.80204868671943
12.8 2.76863928894775
13 2.73522989117608
13.2 2.7018204934044
13.4 2.66841109563273
13.6 2.63500169786105
13.8 2.60159230008937
14 2.5681829023177
14.2 2.53477350454602
14.4 2.50136410677435
14.6 2.46795470900267
14.8 2.43454531123099
15 2.40113591345932


c=      4.91     -0.167 
Lambda = 0.16704698885838
Halflife = 4.1494143970927 days, the experimental value is 3.6319 days
