-10 -0.999999913603626
-9.875 -0.999999904976538
-9.75 -0.999999896703241
-9.625 -0.999999889092895
-9.5 -0.999999882499537
-9.375 -0.999999877314332
-9.25 -0.999999873953447
-9.125 -0.999999872841098
-9 -0.999999874387406
-8.875 -0.99999987896089
-8.75 -0.999999886855359
-8.625 -0.999999898250938
-8.5 -0.999999913168578
-8.375 -0.999999997047909
-8.25 -0.999999995178604
-8.125 -0.999999992092958
-8 -0.999999987068115
-7.875 -0.999999978981576
-7.75 -0.999999966111862
-7.625 -1.0002213500241
-7.5 -0.999999059715506
-7.375 -0.999999865746778
-7.25 -0.999999791829497
-7.125 -0.999999680637534
-7 -0.999999739040577
-6.875 -0.999999503536602
-6.75 -0.999999152025084
-6.625 -0.999998642290039
-6.5 -0.999997919713952
-6.375 -0.999996915119844
-6.25 -0.999995543093857
-6.125 -0.999993701364409
-6 -0.999991272021093
-5.875 -0.999999063275831
-5.75 -0.999999977579309
-5.625 -0.999999979188757
-5.5 -0.999999981463611
-5.375 -0.999999984340509
-5.25 -0.999999987700475
-5.125 -0.999999926829808
-5 -0.999999949158944
-4.875 -0.999999967636529
-4.75 -0.999999982493812
-4.625 -1.00000002084032
-4.5 -1.0000000068642
-4.375 -0.99999999711727
-4.25 -0.999999989932053
-4.125 -0.999999982629411
-4 -0.999999970039942
-3.875 -0.999999940588797
-3.75 -0.999999866649456
-3.625 -1.00000171128293
-3.5 -0.999999230082724
-3.375 -0.999998154138832
-3.25 -0.999995663881948
-3.125 -0.999990069309513
-3 -0.999977878183746
-2.875 -0.999952120498609
-2.75 -0.999899364192553
-2.625 -0.999795067547313
-2.5 -0.999593012962763
-2.375 -0.999217092638692
-2.25 -0.998537325937439
-2.125 -0.997345627682511
-2 -0.995322065658113
-1.875 -0.991989972857186
-1.75 -0.986671664087289
-1.625 -0.978443822646411
-1.5 -0.966105079429904
-1.375 -0.948170039191811
-1.25 -0.922900111526323
-1.125 -0.888388222381254
-1 -0.842700786678431
-0.875 -0.784075056331063
-0.75 -0.711155227451777
-0.625 -0.623240609726938
-0.5 -0.520499936920214
-0.375 -0.404116865187405
-0.25 -0.276326357379288
-0.125 -0.140316198944738
0 0
0.125 0.140316198944738
0.25 0.276326357379288
0.375 0.404116865187404
0.5 0.520499936920214
0.625 0.623240609726938
0.75 0.711155227451777
0.875 0.784075056331063
1 0.842700786678431
1.125 0.888388222381254
1.25 0.922900111526323
1.375 0.948170039191811
1.5 0.966105079429904
1.625 0.978443822646411
1.75 0.986671664087289
1.875 0.991989972857186
2 0.995322065658113
2.125 0.997345627682511
2.25 0.998537325937439
2.375 0.999217092638692
2.5 0.999593012962763
2.625 0.999795067547313
2.75 0.999899364192554
2.875 0.999952120498609
3 0.999977878183746
3.125 0.999990069309513
3.25 0.999995663881948
3.375 0.999998154138832
3.5 0.999999230082724
3.625 1.00000171128293
3.75 0.999999866649456
3.875 0.999999940588797
4 0.999999970039942
4.125 0.999999982629411
4.25 0.999999989932053
4.375 0.999999997117271
4.5 1.0000000068642
4.625 1.00000002084032
4.75 0.999999982493813
4.875 0.999999967636529
5 0.999999949158944
5.125 0.999999926829808
5.25 0.999999987700475
5.375 0.999999984340509
5.5 0.999999981463611
5.625 0.999999979188757
5.75 0.999999977579309
5.875 0.999999063275831
6 0.999991272021093
6.125 0.999993701364409
6.25 0.999995543093857
6.375 0.999996915119844
6.5 0.999997919713952
6.625 0.99999864229004
6.75 0.999999152025084
6.875 0.999999503536602
7 0.999999739040578
7.125 0.999999680637534
7.25 0.999999791829497
7.375 0.999999865746778
7.5 0.999999059715507
7.625 1.0002213500241
7.75 0.999999966111862
7.875 0.999999978981576
8 0.999999987068115
8.125 0.999999992092958
8.25 0.999999995178605
8.375 0.999999997047909
8.5 0.999999913168578
8.625 0.999999898250938
8.75 0.999999886855359
8.875 0.99999987896089
9 0.999999874387406
9.125 0.999999872841099
9.25 0.999999873953448
9.375 0.999999877314331
9.5 0.999999882499537
9.625 0.999999889092896
9.75 0.999999896703241
9.875 0.999999904976538
10 0.999999913603627
