0 0 0
1 1 2
2 4 4
3 9 6
4 16 8
5 25 10
6 36 12
7 49 14
8 64 16
9 81 18


0 0 0 0 0 0
0.1 0.01 0.2 0.000333333333333333 0.1 0.1225
0.2 0.04 0.4 0.00266666666666667 0.2 0.2
0.3 0.09 0.6 0.009 0.3 0.2475
0.4 0.16 0.8 0.0213333333333333 0.4 0.28
0.5 0.25 1 0.0416666666666667 0.5 0.3125
0.6 0.36 1.2 0.072 0.6 0.36
0.7 0.49 1.4 0.114333333333333 0.7 0.4375
0.8 0.64 1.6 0.170666666666667 0.8 0.56
0.9 0.81 1.8 0.243 0.9 0.7425
1 1 2 0.333333333333333 1 1
1.1 1.21 2.2 0.443666666666666 1.12 1.27611538461538
1.2 1.44 2.4 0.576 1.28 1.51507692307692
1.3 1.69 2.6 0.732333333333333 1.48 1.73280769230769
1.4 1.96 2.8 0.914666666666667 1.72 1.94523076923077
1.5 2.25 3 1.125 2 2.16826923076923
1.6 2.56 3.2 1.36533333333333 2.32 2.41784615384615
1.7 2.89 3.4 1.63766666666667 2.68 2.70988461538462
1.8 3.24 3.6 1.944 3.08 3.06030769230769
1.9 3.61 3.8 2.28633333333334 3.52 3.48503846153846
2 4 4 2.66666666666667 4 4
2.1 4.41 4.2 3.087 4.5 4.52475535289453
2.2 4.84 4.4 3.54933333333334 5 4.9834036478985
2.3 5.29 4.6 4.05566666666667 5.5 5.39867208564632
2.4 5.76 4.8 4.608 6 5.79328786677241
2.5 6.25 5 5.20833333333334 6.5 6.18997819191119
2.6 6.76000000000001 5.2 5.85866666666667 7.00000000000001 6.61147026169707
2.7 7.29000000000001 5.4 6.56100000000001 7.50000000000001 7.08049127676448
2.8 7.84000000000001 5.6 7.31733333333334 8.00000000000001 7.61976843774783
2.9 8.41000000000001 5.8 8.12966666666668 8.50000000000001 8.25202894528153
3 9.00000000000001 6 9.00000000000001 9.00000000000001 9.00000000000001
3.1 9.61000000000001 6.2 9.93033333333335 9.52000000000001 9.7587147861252
3.2 10.24 6.4 10.9226666666667 10.08 10.4273203850316
3.3 10.89 6.6 11.979 10.68 11.0347148430825
3.4 11.56 6.8 13.1013333333334 11.32 11.6097962066412
3.5 12.25 7 14.2916666666667 12 12.181462522071
3.6 12.96 7.2 15.552 12.72 12.778611835735
3.7 13.69 7.4 16.8843333333334 13.48 13.4301421939967
3.8 14.44 7.6 18.2906666666667 14.28 14.1649516432192
3.9 15.21 7.8 19.773 15.12 15.0119382297659
4 16 8 21.3333333333334 16 16
4.1 16.81 8.2 22.9736666666667 16.9 16.9983360535065
4.2 17.64 8.4 24.696 17.8 17.8804680306383
4.3 18.49 8.6 26.5023333333334 18.7 18.6817777889102
4.4 19.36 8.8 28.3946666666667 19.6 19.4376471858374
4.5 20.25 9 30.375 20.5 20.1834580789348
4.6 21.16 9.2 32.4453333333333 21.4 20.9545923257174
4.7 22.09 9.4 34.6076666666667 22.3 21.7864317837002
4.8 23.04 9.6 36.864 23.2 22.7143583103983
4.9 24.01 9.8 39.2163333333333 24.1 23.7737537633265
5 25 10 41.6666666666666 25 25
5.1 26.01 10.2 44.2169999999999 25.92 26.2366237331067
5.2 27.04 10.4 46.8693333333333 26.88 27.3314283435867
5.3 28.09 10.6 49.6256666666666 27.88 28.3262106913327
5.4 29.16 10.8 52.4879999999999 28.92 29.2627676362375
5.5 30.25 11 55.4583333333332 30 30.182896038194
5.6 31.36 11.2 58.5386666666666 31.12 31.128392757095
5.7 32.49 11.4 61.7309999999999 32.28 32.1410546528333
5.8 33.6399999999999 11.6 65.0373333333332 33.4799999999999 33.2626785853016
5.9 34.8099999999999 11.8 68.4596666666665 34.7199999999999 34.5350614143929
5.99999999999999 35.9999999999999 12 71.9999999999998 35.9999999999999 35.9999999999999
6.09999999999999 37.2099999999999 12.2 75.6603333333331 37.2999999999999 37.4752862821302
6.19999999999999 38.4399999999999 12.4 79.4426666666664 38.5999999999999 38.7830021134475
6.29999999999999 39.6899999999999 12.6 83.3489999999997 39.8999999999999 39.9713792228292
6.39999999999999 40.9599999999999 12.8 87.3813333333331 41.1999999999999 41.0886493391526
6.49999999999999 42.2499999999999 13 91.5416666666664 42.4999999999999 42.183044191295
6.59999999999999 43.5599999999999 13.2 95.8319999999997 43.7999999999999 43.3027955081339
6.69999999999999 44.8899999999999 13.4 100.254333333333 45.0999999999999 44.4961350185465
6.79999999999999 46.2399999999999 13.6 104.810666666666 46.3999999999999 45.8112944514101
6.89999999999999 47.6099999999999 13.8 109.503 47.6999999999999 47.2965055356021
6.99999999999999 48.9999999999999 14 114.333333333333 48.9999999999999 48.9999999999998
7.09999999999999 50.4099999999999 14.2 119.303666666666 50.3199999999999 50.755865399112
7.19999999999999 51.8399999999999 14.4 124.416 51.6799999999999 52.3838022053521
7.29999999999999 53.2899999999999 14.6 129.672333333333 53.0799999999999 53.9104615244544
7.39999999999999 54.7599999999998 14.8 135.074666666666 54.5199999999999 55.3624944621532
7.49999999999999 56.2499999999998 15 140.624999999999 55.9999999999998 56.766552124183
7.59999999999999 57.7599999999998 15.2 146.325333333333 57.5199999999998 58.1492856162782
7.69999999999999 59.2899999999998 15.4 152.177666666666 59.0799999999998 59.5373460441731
7.79999999999999 60.8399999999998 15.6 158.183999999999 60.6799999999998 60.957384513602
7.89999999999999 62.4099999999998 15.8 164.346333333333 62.3199999999998 62.4360521302995
7.99999999999999 63.9999999999998 16 170.666666666666 63.9999999999998 63.9999999999998
8.09999999999999 65.6099999999998 16.2 177.146999999999 65.6999999999998 65.6277283018866
8.19999999999999 67.2399999999998 16.4 183.789333333332 67.3999999999998 67.2782792452828
8.29999999999999 68.8899999999998 16.6 190.595666666666 69.0999999999998 68.9491169811319
8.39999999999999 70.5599999999998 16.8 197.567999999999 70.7999999999998 70.6377056603771
8.49999999999999 72.2499999999998 17 204.708333333332 72.4999999999998 72.341509433962
8.59999999999999 73.9599999999998 17.2 212.018666666666 74.1999999999997 74.0579924528299
8.69999999999999 75.6899999999997 17.4 219.500999999999 75.8999999999997 75.7846188679243
8.79999999999998 77.4399999999997 17.6 227.157333333332 77.5999999999997 77.5188528301884
8.89999999999998 79.2099999999997 17.8 234.989666666665 79.2999999999997 79.2581584905658
8.99999999999998 80.9999999999997 18 242.999999999999 80.9999999999997 80.9999999999997


0 1
1 1
2 1
3 1
4 2
5 4
6 8
7 4
8 2
9 1
10 1


0 1 0 0 1 1
0.1 1 0 0.1 0.46 1
0.2 1 0 0.2 0.0399999999999999 1
0.3 1 0 0.3 -0.26 1
0.4 1 0 0.4 -0.44 1
0.5 1 0 0.5 -0.5 1
0.6 1 0 0.6 -0.44 1
0.7 1 0 0.7 -0.26 1
0.8 1 0 0.8 0.0399999999999996 1
0.9 1 0 0.9 0.46 1
1 1 0 1 0.999999999999999 1
1.1 1 0 1.1 1.54 1
1.2 1 0 1.2 1.96 1
1.3 1 0 1.3 2.26 1
1.4 1 0 1.4 2.44 1
1.5 1 0 1.5 2.5 1
1.6 1 0 1.6 2.44 1
1.7 1 0 1.7 2.26 1
1.8 1 0 1.8 1.96 1
1.9 1 0 1.9 1.54 1
2 1 -4.44089209850062E-16 2 0.999999999999997 1
2.1 0.9955 -0.0850000000000004 2.09984583333333 0.459999999999997 0.992762886597938
2.2 0.984 -0.14 2.19886666666667 0.0399999999999978 0.974268041237113
2.3 0.9685 -0.165 2.2965125 -0.260000000000002 0.949340206185567
2.4 0.952 -0.16 2.39253333333333 -0.440000000000001 0.92280412371134
2.5 0.9375 -0.125 2.48697916666667 -0.5 0.899484536082474
2.6 0.928 -0.0599999999999992 2.5802 -0.439999999999999 0.88420618556701
2.7 0.9265 0.0350000000000011 2.67284583333333 -0.259999999999998 0.88179381443299
2.8 0.936 0.160000000000002 2.76586666666667 0.040000000000004 0.897072164948454
2.9 0.9595 0.315000000000002 2.8605125 0.460000000000006 0.934865979381444
3 1 0.500000000000001 2.95833333333333 1.00000000000001 1
3.1 1.055 0.600000000000001 3.061 1.55000000000001 1.07336882724839
3.2 1.12 0.700000000000002 3.16966666666667 2.00000000000001 1.13665159195762
3.3 1.195 0.800000000000002 3.28533333333334 2.35 1.19584983197585
3.4 1.28 0.900000000000002 3.409 2.6 1.25696508515122
3.5 1.375 1 3.54166666666667 2.75 1.32599888933189
3.6 1.48 1.1 3.68433333333334 2.8 1.40895278236601
3.7 1.595 1.2 3.838 2.75 1.51182830210173
3.8 1.72 1.3 4.00366666666667 2.6 1.6406269863872
3.9 1.855 1.4 4.18233333333334 2.34999999999999 1.80135037307057
4 2 1.5 4.375 1.99999999999999 2
4.1 2.1505 1.515 4.5825125 1.66 2.19577497127154
4.2 2.304 1.56 4.8052 1.44 2.35359646016252
4.3 2.4635 1.635 5.0435125 1.34 2.48804910829302
4.4 2.632 1.74 5.2982 1.36 2.61371755728313
4.5 2.8125 1.875 5.5703125 1.5 2.74518644875292
4.6 3.008 2.04 5.8612 1.76 2.89704042432248
4.7 3.2215 2.235 6.1725125 2.14 3.08386412561188
4.8 3.456 2.46 6.5062 2.63999999999999 3.32024219424122
4.9 3.7145 2.715 6.86451249999999 3.25999999999999 3.62075927183056
5 3.99999999999999 2.99999999999999 7.24999999999999 3.99999999999999 3.99999999999999
5.1 4.35499999999999 4.04999999999998 7.66687499999999 4.75999999999998 4.46521794057965
5.2 4.79999999999999 4.79999999999998 8.12399999999999 5.43999999999998 4.99434344988402
5.3 5.30499999999999 5.24999999999999 8.62887499999998 6.03999999999998 5.5579763612597
5.4 5.83999999999998 5.4 9.18599999999998 6.55999999999998 6.12671650805328
5.5 6.37499999999998 5.25000000000001 9.79687499999998 6.99999999999999 6.67116372361136
5.6 6.87999999999998 4.80000000000002 10.46 7.35999999999999 7.16191784128052
5.7 7.32499999999998 4.05000000000004 11.170875 7.63999999999999 7.56957869440738
5.8 7.67999999999999 3.00000000000006 11.922 7.83999999999999 7.86474611633851
5.9 7.91499999999999 1.65000000000007 12.702875 7.96 8.01801994042052
5.99999999999999 8 9.59232693276135E-14 13.5 8 8.00000000000001
6.09999999999999 7.91500000000001 -1.64999999999991 14.297125 7.96 7.83676329592966
6.19999999999999 7.68000000000002 -2.99999999999993 15.078 7.84000000000001 7.58337205735099
6.29999999999999 7.32500000000003 -4.04999999999994 15.829125 7.64000000000002 7.25390396004383
6.39999999999999 6.88000000000003 -4.79999999999996 16.54 7.36000000000002 6.86243667978799
6.49999999999999 6.37500000000004 -5.24999999999998 17.203125 7.00000000000003 6.42304789236327
6.59999999999999 5.84000000000004 -5.4 17.814 6.56000000000004 5.94981527354949
6.69999999999999 5.30500000000004 -5.25000000000002 18.371125 6.04000000000004 5.45681649912646
6.79999999999999 4.80000000000004 -4.80000000000005 18.876 5.44000000000005 4.958129244874
6.89999999999999 4.35500000000003 -4.05000000000008 19.333125 4.76000000000006 4.46783118657192
6.99999999999999 4.00000000000003 -3.00000000000011 19.75 4.00000000000007 4.00000000000004
7.09999999999999 3.71450000000003 -2.71500000000002 20.1354875 3.26000000000006 3.58876279216669
7.19999999999999 3.45600000000002 -2.46000000000002 20.4938 2.64000000000005 3.25198267952976
7.29999999999999 3.22150000000002 -2.23500000000002 20.8274875 2.14000000000004 2.97934135204336
7.39999999999999 3.00800000000002 -2.04000000000002 21.1388 1.76000000000003 2.76052049966163
7.49999999999999 2.81250000000002 -1.87500000000002 21.4296875 1.50000000000002 2.58520181233869
7.59999999999999 2.63200000000002 -1.74000000000001 21.7018 1.36000000000001 2.44306698002865
7.69999999999999 2.46350000000002 -1.63500000000001 21.9564875 1.34 2.32379769268564
7.79999999999999 2.30400000000002 -1.56000000000001 22.1948 1.43999999999998 2.21707564026378
7.89999999999999 2.15050000000002 -1.515 22.4174875 1.65999999999997 2.1125825127172
7.99999999999999 2.00000000000002 -1.5 22.625 1.99999999999995 2.00000000000001
8.09999999999999 1.85500000000002 -1.40000000000001 22.8176666666666 2.34999999999996 1.87975646171721
8.19999999999999 1.72000000000002 -1.30000000000001 22.9963333333333 2.59999999999997 1.76012960216962
8.29999999999999 1.59500000000002 -1.20000000000001 23.162 2.74999999999999 1.64257512835509
8.39999999999999 1.48000000000002 -1.10000000000001 23.3156666666666 2.8 1.5285487472715
8.49999999999999 1.37500000000001 -1.00000000000001 23.4583333333333 2.75000000000001 1.41950616591671
8.59999999999999 1.28000000000001 -0.900000000000015 23.591 2.60000000000003 1.31690309128859
8.69999999999999 1.19500000000001 -0.800000000000015 23.7146666666666 2.35000000000004 1.22219523038499
8.79999999999998 1.12000000000001 -0.700000000000015 23.8303333333333 2.00000000000006 1.13683829020378
8.89999999999998 1.05500000000001 -0.600000000000016 23.939 1.55000000000008 1.06228797774284
8.99999999999998 1.00000000000001 -0.500000000000016 24.0416666666667 1.0000000000001 1.00000000000001
9.09999999999998 0.955000000000007 -0.400000000000016 24.1393333333333 0.460000000000078 0.95240080361628
9.19999999999998 0.920000000000005 -0.300000000000017 24.233 0.0400000000000601 0.919832932406359
9.29999999999998 0.895000000000003 -0.200000000000017 24.3236666666667 -0.259999999999959 0.900626239128713
9.39999999999998 0.880000000000002 -0.100000000000017 24.4123333333333 -0.439999999999979 0.893110576541807
9.49999999999998 0.875 -1.77635683940025E-14 24.5 -0.5 0.895615797404107
9.59999999999998 0.879999999999998 0.0999999999999819 24.5876666666667 -0.440000000000022 0.906471754474078
9.69999999999998 0.894999999999996 0.199999999999982 24.6763333333333 -0.260000000000044 0.924008300510187
9.79999999999998 0.919999999999994 0.299999999999981 24.767 0.0399999999999321 0.946555288270899
9.89999999999998 0.954999999999992 0.399999999999981 24.8606666666666 0.459999999999908 0.972442570514679
9.99999999999998 0.99999999999999 0.49999999999998 24.9583333333333 0.999999999999883 0.999999999999995
