0 1
0.1 1.10517091807565
0.2 1.22140275816017
0.3 1.349858807576
0.4 1.49182469764127
0.5 1.64872127070013
0.6 1.82211880039051
0.7 2.01375270747048
0.8 2.22554092849247
0.9 2.45960311115695
1 2.71828182845904
1.1 3.00416602394643
1.2 3.32011692273655
1.3 3.66929666761925
1.4 4.05519996684468
1.5 4.48168907033806
1.6 4.95303242439512
1.7 5.4739473917272
1.8 6.04964746441296
1.9 6.68589444227927
2 7.38905609893068
2.1 8.16616991256765
2.2 9.02501349943413
2.3 9.97418245481474
2.4 11.0231763806416
2.5 12.1824939607035
2.6 13.4637380350017
2.7 14.8797317248729
2.8 16.4446467710971
2.9 18.174145369443
3 20.0855369231877
3.1 22.1979512814416
3.2 24.5325301971094
3.3 27.1126389206579
3.4 29.9641000473971
3.5 33.1154519586924
3.6 36.5982344436781
3.7 40.4473043600674
3.8 44.7011844933009
3.9 49.4024491055304
4 54.5981500331446
4.1 60.3402875973618
4.2 66.6863310409251
4.3 73.6997936995958
4.4 81.4508686649683
4.5 90.0171313005217
4.6 99.4843156419343
4.7 109.947172452124
4.8 121.510417518735
4.9 134.289779684935
5 148.413159102577
5.1 164.021907299902
5.2 181.272241875152
5.3 200.336809974791
5.4 221.406416204186
5.5 244.691932264221
5.6 270.426407426151
5.7 298.867400967058
5.8 330.299559909648
5.9 365.037467865326
5.99999999999999 403.428793492732
6.09999999999999 445.857770082512
6.19999999999999 492.749041093255
6.29999999999999 544.571910125926
6.39999999999999 601.84503787208
6.49999999999999 665.141633044361
6.59999999999999 735.095189241966
6.69999999999999 812.405825167541
6.79999999999999 897.847291650403
6.89999999999999 992.274715605016
6.99999999999999 1096.63315842844
7.09999999999999 1211.96707449257
7.19999999999999 1339.43076439441
7.29999999999999 1480.29992758453
7.39999999999999 1635.98442999591
7.49999999999999 1808.04241445606
7.59999999999999 1998.19589510409
7.69999999999999 2208.34799188719
7.79999999999999 2440.60197762445
7.89999999999999 2697.28232826847
7.99999999999999 2980.95798704169
8.09999999999999 3294.46807528383
8.19999999999999 3640.95030733234
8.29999999999999 4023.87239382227
8.39999999999999 4447.06674769985
8.49999999999999 4914.76884029902
8.59999999999999 5431.65959136298
8.69999999999999 6002.91221726087
8.79999999999998 6634.24400627773
8.89999999999998 7331.97353915582
8.99999999999998 8103.08392757515
9.09999999999998 8955.29270348225
9.19999999999998 9897.12905874373
9.29999999999998 10938.019208165
9.39999999999998 12088.3807302168
9.49999999999998 13359.7268296618
9.59999999999998 14764.7815655768
9.69999999999998 16317.6071980152
9.79999999999998 18033.7449278283
9.89999999999998 19930.3704382302
9.99999999999998 22026.4657948067
