0 0.949024474690214
1 2.42933893223728
2 2.34317303278631
3 3.59601542986744
4 3.12912227964453
5 0.270143849900991
6 1.39051243727585
7 4.61851920216275
8 4.395375118775
9 0.291631091521881


1 2.42933893223728 1.51432396448884 1.68351345230678
1.1 2.56476643004677 1.19422599170088 1.93348546873164
1.2 2.66818413057746 0.874128018912919 2.19539974507351
1.3 2.73959203382935 0.554030046124956 2.46605530160451
1.4 2.77899013980245 0.233932073336993 2.74225115859675
1.5 2.78637844849675 -0.0861658994509691 3.02078633632237
1.6 2.76175695991225 -0.406263872238932 3.29845985505348
1.7 2.70512567404896 -0.726361845026894 3.5720707350622
1.8 2.61648459090687 -1.04645981781486 3.83841799662065
1.9 2.49583371048599 -1.36655779060282 4.09430066000095
2 2.34317303278631 -1.68665576339077 4.33651774547522
2.1 2.20390243805195 -1.09875613129639 4.56338160265705
2.2 2.12342180652703 -0.510856499202011 4.77925789852592
2.3 2.10173113821155 0.0770431328923709 4.99002562940277
2.4 2.13883043310551 0.664942764986753 5.20156379160855
2.5 2.2347196912089 1.25284239708113 5.41975138146419
2.6 2.38939891252173 1.84074202917552 5.65046739529064
2.7 2.602868097044 2.4286416612699 5.89959082940885
2.8 2.87512724477571 3.01654129336428 6.17300068013976
2.9 3.20617635571686 3.60444092545866 6.47657594380431
3 3.59601542986745 4.19234055755302 6.81619561672345
3.1 3.96865714854499 3.26049381599783 7.19520578459536
3.2 4.24811419306701 2.32864707444264 7.60682089062726
3.3 4.43438656343352 1.39680033288745 8.04172246740358
3.4 4.5274742596445 0.464953591332264 8.49059204750878
3.5 4.52737728169997 -0.466893150222924 8.9441111635273
3.6 4.43409562959992 -1.39873989177811 9.39296134804359
3.7 4.24762930334435 -2.3305866333333 9.8278241336421
3.8 3.96797830293326 -3.26243337488849 10.2393810529073
3.9 3.59514262836665 -4.19428011644368 10.6183136384236
4 3.12912227964452 -5.12612685799883 10.9553034227754
4.1 2.63918107812719 -4.67269717234777 11.2433407325926
4.2 2.19458284517497 -4.21926748669671 11.4846510706864
4.3 1.79532758078785 -3.76583780104566 11.6837687339131
4.4 1.44141528496584 -3.3124081153946 11.8452280191294
4.5 1.13284595770894 -2.85897842974354 11.9735632231918
4.6 0.869619599017136 -2.40554874409248 12.0733086429567
4.7 0.651736208890442 -1.95211905844143 12.1489985752807
4.8 0.479195787328852 -1.49868937279037 12.2051673170203
4.9 0.351998334332369 -1.04525968713931 12.246349165032
5 0.27014384990099 -0.591830001488254 12.2770784161723
5.1 0.228082835640797 -0.249390283715632 12.3017043840179
5.2 0.220265793157865 0.0930494340569883 12.3238364490264
5.3 0.246692722452195 0.435489151829609 12.3468990083754
5.4 0.307363623523786 0.777928869602229 12.3743164592427
5.5 0.40227849637264 1.12036858737485 12.4095131988061
5.6 0.531437340998755 1.46280830514747 12.4559136242431
5.7 0.694840157402133 1.80524802292009 12.5169421327317
5.8 0.892486945582772 2.14768774069271 12.5960231214495
5.9 1.12437770554067 2.49012745846533 12.6965809875742
6 1.39051243727584 2.83256717623795 12.8220401282835
6.1 1.67772355078612 2.91165509396775 12.9753860210885
6.19999999999999 1.97284345606939 2.99074301169754 13.1578484648332
6.29999999999999 2.27587215312563 3.06983092942732 13.3702183386948
6.39999999999999 2.58680964195485 3.14891884715711 13.6132865218507
6.49999999999999 2.90565592255705 3.2280067648869 13.8878438934782
6.59999999999999 3.23241099493223 3.30709468261669 14.1946813327546
6.69999999999999 3.56707485908038 3.38618260034647 14.5345897188571
6.79999999999999 3.90964751500152 3.46527051807626 14.9083599309631
6.89999999999999 4.26012896269563 3.54435843580605 15.3167828482498
6.99999999999999 4.61851920216272 3.62344635353583 15.7606493498946
7.09999999999999 4.94239793314708 2.85412826615119 16.2393363050663
7.19999999999999 5.18934485539296 2.08481017876647 16.7465645428994
7.29999999999999 5.35935996890037 1.31549209138175 17.2746408825203
7.39999999999999 5.45244327366931 0.546174003997039 17.8158721430549
7.49999999999999 5.46859476969978 -0.223144083387676 18.3625651436295
7.59999999999999 5.40781445699178 -0.992462170772392 18.9070267033702
7.69999999999999 5.2701023355453 -1.76178025815711 19.4415636414032
7.79999999999999 5.05545840536035 -2.53109834554182 19.9584827768547
7.89999999999999 4.76388266643694 -3.30041643292654 20.4500909288507
7.99999999999999 4.39537511877505 -4.06973452031125 20.9086949165174
8.09999999999999 3.98806157167449 -4.0765364216997 21.3278724192911
8.19999999999999 3.58006783443511 -4.08333832308805 21.7062845578477
8.29999999999999 3.17139390705689 -4.09014022447641 22.0438633131735
8.39999999999999 2.76203978953983 -4.09694212586476 22.3405406662545
8.49999999999999 2.35200548188394 -4.10374402725312 22.5962485980768
8.59999999999999 1.94129098408921 -4.11054592864148 22.8109190896266
8.69999999999999 1.52989629615565 -4.11734783002983 22.98448412189
8.79999999999999 1.11782141808325 -4.12414973141819 23.1168756758531
8.89999999999999 0.70506634987201 -4.13095163280654 23.208025732502
8.99999999999999 0.29163109152194 -4.1377535341949 23.2578662728229


1 1
2 4
3 9
4 16
5 25
6 36
7 49
8 64
9 81


1 1 1 0.5
1.1 1.12 1.4 0.605666666666667
1.2 1.28 1.8 0.725333333333334
1.3 1.48 2.2 0.863
1.4 1.72 2.6 1.02266666666667
1.5 2 3 1.20833333333333
1.6 2.32 3.4 1.424
1.7 2.68 3.8 1.67366666666667
1.8 3.08 4.2 1.96133333333334
1.9 3.52 4.6 2.291
2 4 5 2.66666666666667
2.1 4.50000000000001 5 3.09166666666667
2.2 5.00000000000001 5 3.56666666666667
2.3 5.50000000000001 5 4.09166666666667
2.4 6.00000000000001 5 4.66666666666667
2.5 6.50000000000001 5 5.29166666666667
2.6 7.00000000000001 5 5.96666666666668
2.7 7.50000000000001 5 6.69166666666668
2.8 8.00000000000001 5 7.46666666666668
2.9 8.50000000000001 5 8.29166666666668
3 9.00000000000001 5.00000000000001 9.16666666666668
3.1 9.52000000000001 5.40000000000001 10.0923333333334
3.2 10.08 5.80000000000001 11.072
3.3 10.68 6.20000000000001 12.1096666666667
3.4 11.32 6.60000000000001 13.2093333333334
3.5 12 7.00000000000001 14.375
3.6 12.72 7.40000000000001 15.6106666666667
3.7 13.48 7.80000000000001 16.9203333333334
3.8 14.28 8.20000000000001 18.308
3.9 15.12 8.60000000000001 19.7776666666667
4 16 9 21.3333333333334
4.1 16.9 9 22.9783333333334
4.2 17.8 9 24.7133333333334
4.3 18.7 9 26.5383333333334
4.4 19.6 9 28.4533333333334
4.5 20.5 9 30.4583333333333
4.6 21.4 9 32.5533333333333
4.7 22.3 9 34.7383333333333
4.8 23.2 9 37.0133333333333
4.9 24.1 9 39.3783333333333
5 25 9 41.8333333333333
5.1 25.92 9.4 44.379
5.2 26.88 9.79999999999999 47.0186666666666
5.3 27.88 10.2 49.7563333333333
5.4 28.92 10.6 52.5959999999999
5.5 30 11 55.5416666666666
5.6 31.12 11.4 58.5973333333332
5.7 32.28 11.8 61.7669999999999
5.8 33.48 12.2 65.0546666666665
5.9 34.7199999999999 12.6 68.4643333333332
6 35.9999999999999 13 71.9999999999998
6.1 37.2999999999999 13 75.6649999999998
6.19999999999999 38.5999999999999 13 79.4599999999998
6.29999999999999 39.8999999999999 13 83.3849999999998
6.39999999999999 41.1999999999999 13 87.4399999999998
6.49999999999999 42.4999999999999 13 91.6249999999997
6.59999999999999 43.7999999999999 13 95.9399999999997
6.69999999999999 45.0999999999999 13 100.385
6.79999999999999 46.3999999999999 13 104.96
6.89999999999999 47.6999999999999 13 109.665
6.99999999999999 48.9999999999999 13 114.5
7.09999999999999 50.3199999999999 13.4 119.465666666666
7.19999999999999 51.6799999999999 13.8 124.565333333333
7.29999999999999 53.0799999999999 14.2 129.803
7.39999999999999 54.5199999999999 14.6 135.182666666666
7.49999999999999 55.9999999999999 15 140.708333333333
7.59999999999999 57.5199999999998 15.4 146.383999999999
7.69999999999999 59.0799999999998 15.8 152.213666666666
7.79999999999999 60.6799999999998 16.2 158.201333333333
7.89999999999999 62.3199999999998 16.6 164.350999999999
7.99999999999999 63.9999999999998 17 170.666666666666
8.09999999999999 65.6999999999998 17 177.151666666666
8.19999999999999 67.3999999999998 17 183.806666666666
8.29999999999999 69.0999999999998 17 190.631666666666
8.39999999999999 70.7999999999998 17 197.626666666666
8.49999999999999 72.4999999999998 17 204.791666666666
8.59999999999999 74.1999999999998 17 212.126666666666
8.69999999999999 75.8999999999998 17 219.631666666666
8.79999999999999 77.5999999999998 17 227.306666666666
8.89999999999999 79.2999999999998 17 235.151666666666
8.99999999999999 80.9999999999998 17 243.166666666665
