0 1.16125713855087
1 2.99972565053018
2 3.99914399441292
3 0.603395451606901
4 1.85123569651099
5 1.74081475787834
6 1.94026522428741
7 0.995950159149221
8 1.76465608960234
9 0.569857869096965


1 2.99972565053018 1.64455937131919 2.17325334426134
1.1 3.18232304431228 1.98006309662877 2.4820761925657
1.2 3.39027318831715 2.15161437577474 2.81056304479789
1.3 3.60718083792844 2.15921320875712 3.16042941374935
1.4 3.81665074852979 2.00285959557589 3.53175128774991
1.5 4.00228767550483 1.68255353623107 3.92296513066776
1.6 4.14769637423721 1.19829503072264 4.33086788190945
1.7 4.23648160011057 0.550084079050616 4.7506169564199
1.8 4.25224810850855 -0.262079318785009 5.17573024468239
1.9 4.17860065481478 -1.23819516278423 5.59808611271856
2 3.99914399441292 -2.37826345294705 6.00792340208841
2.1 3.7212310973518 -3.14675926508887 6.39458256985343
2.2 3.37643918603244 -3.71584373811185 6.7499403210835
2.3 2.98470939436672 -4.085516872016 7.06830581104837
2.4 2.56598285626653 -4.25577866680132 7.34598230840902
2.5 2.14020070564375 -4.22662912246781 7.58126719521759
2.6 1.72730407641026 -3.99806823901547 7.77445196691742
2.7 1.34723410247795 -3.57009601644429 7.92782223234302
2.8 1.0199319177587 -2.94271245475429 8.04565771372011
2.9 0.765338656164385 -2.11591755394545 8.13423224666559
3 0.603395451606899 -1.08971131401779 8.20181378018755
3.1 0.539211403077771 -0.217760286879687 8.25821749706583
3.2 0.555085268167977 0.511446958368865 8.31232465792375
3.3 0.63674266868856 1.09791042172787 8.37142733521377
3.4 0.769909226450565 1.54163010319732 8.4413901635695
3.5 0.940310563265039 1.84260600277722 8.52665033980564
3.6 1.13367230094302 2.00083812046757 8.63021762291796
3.7 1.33572006129557 2.01632645626837 8.75367433408339
3.8 1.53217946613371 1.88907101017961 8.89717535665993
3.9 1.70877613726851 1.61907178220131 9.05944813618669
4 1.85123569651099 1.20632877233346 9.23779268038389
4.1 1.94812156265044 0.743143565993657 9.42814653101391
4.2 2.00221541281733 0.350488452882061 9.62599059238156
4.3 2.02057025633446 0.0283634329986698 9.82739831335572
4.4 2.01023910252467 -0.223231493656518 10.0291484437376
4.5 1.97827496071077 -0.404296327083501 10.2287250342605
4.6 1.93173084021558 -0.51483106728228 10.4243174365903
4.7 1.87765975036192 -0.554835714252855 10.614820303325
4.8 1.82311470047261 -0.524310267995225 10.7998335879949
4.9 1.77514869987048 -0.423254728509391 10.9796625450624
5 1.74081475787834 -0.251669095795354 11.1553177299226
5.1 1.73079608243542 0.0394766552541761 11.3286556504791
5.2 1.7463463025926 0.259708816206538 11.5023292429297
5.3 1.78037405934016 0.409027387061731 11.678540828884
5.4 1.82578799366838 0.487432367819755 11.8587835940504
5.5 1.87549674656754 0.494923758480611 12.0438415882367
5.6 1.92240895902793 0.431501559044296 12.2337897253493
5.7 1.95943327203983 0.297165769510813 12.427993783394
5.8 1.97947832659352 0.09191638988016 12.6251104044753
5.9 1.97545276367928 -0.184246579847661 12.8230870947971
6 1.94026522428741 -0.531323139672653 13.0191622246619
6.1 1.87077638649141 -0.844868500054034 13.2099755930012
6.19999999999999 1.77400854751529 -1.07690316327485 13.3924082019209
6.29999999999999 1.65811277707512 -1.2274271293351 13.5641397047888
6.39999999999999 1.53124014488696 -1.29644039823478 13.7236648619443
6.49999999999999 1.40154172066685 -1.28394296997389 13.8702935406984
6.59999999999999 1.27716857413087 -1.18993484455244 14.0041507153338
6.69999999999999 1.16627177499505 -1.01441602197042 14.1261764671046
6.79999999999999 1.07700239297547 -0.757386502227829 14.2381259842367
6.89999999999999 1.01751149778817 -0.418846285324675 14.3425695619274
6.99999999999999 0.995950159149221 0.00120462873904437 14.4428926023459
7.09999999999999 1.01614378665465 0.388892197353489 14.5431742266623
7.19999999999999 1.07097345381672 0.693925421872063 14.6472758943321
7.29999999999999 1.15217372622586 0.916304302294769 14.7582479376005
7.39999999999999 1.25147916947248 1.05602883862161 14.8783141452718
7.49999999999999 1.36062434914699 1.11309903085258 15.0088717627093
7.59999999999999 1.4713438308398 1.08751487898768 15.1504914918352
7.69999999999999 1.57537218014133 0.979276383026908 15.3029174911309
7.79999999999999 1.66444396264198 0.788383542970272 15.4650673756367
7.89999999999999 1.73029374393219 0.514836358817767 15.6350322169522
7.99999999999999 1.76465608960234 0.158634830569395 15.8100765432358
8.09999999999999 1.7608947934187 -0.227093588986908 15.9866755277365
8.19999999999999 1.72059080485604 -0.572219017010967 16.1610374121736
8.29999999999999 1.64780442306758 -0.876741453502784 16.3297109422669
8.39999999999999 1.54659594720655 -1.14066089846236 16.4896508936514
8.49999999999999 1.42102567642618 -1.36397735188969 16.6382180718775
8.59999999999999 1.27515390987969 -1.54669081378479 16.7731793124111
8.69999999999999 1.1130409467203 -1.68880128414764 16.892707480633
8.79999999999999 0.938747086101239 -1.79030876297825 16.9953814718398
8.89999999999999 0.756332627175728 -1.85121325027662 17.0801862112431
8.99999999999999 0.569857869096992 -1.87151474604274 17.1465126539699


1 1
2 4
3 9
4 16
5 25
6 36
7 49
8 64
9 81


1 1 3 0.375
1.1 1.27611538461538 2.54884615384615 0.489181730769231
1.2 1.51507692307692 2.25692307692308 0.628984615384616
1.3 1.73280769230769 2.12423076923077 0.791489423076924
1.4 1.94523076923077 2.15076923076923 0.975369230769232
1.5 2.16826923076923 2.33653846153846 1.18088942307692
1.6 2.41784615384616 2.68153846153846 1.40990769230769
1.7 2.70988461538462 3.18576923076923 1.66587403846154
1.8 3.0603076923077 3.84923076923077 1.95383076923077
1.9 3.48503846153847 4.67192307692308 2.2804125
2 4.00000000000001 5.65384615384615 2.65384615384616
2.1 4.52475535289453 4.87913957176843 3.08072951030928
2.2 4.9834036478985 4.33170499603489 3.55659365582871
2.3 5.39867208564632 4.01154242664552 4.07596424464711
2.4 5.79328786677241 3.91865186360032 4.63563965107059
2.5 6.18997819191119 4.05303330689929 5.23469096946868
2.6 6.61147026169707 4.41468675654243 5.87446201427439
2.7 7.08049127676448 5.00361221252975 6.55856931998415
2.8 7.61976843774783 5.81980967486124 7.29290214115782
2.9 8.25202894528153 6.86327914353689 8.08562245241873
3 9.00000000000001 8.13402061855668 8.94716494845362
3.1 9.75871478612521 7.08843851455258 9.88597200617989
3.2 10.4273203850316 6.33183687418123 10.8959042661047
3.3 11.0347148430825 5.86421569744261 11.9693957118244
3.4 11.6097962066412 5.68557498433673 13.1017701315715
3.5 12.181462522071 5.79591473486359 14.291241118215
3.6 12.778611835735 6.1952349490232 15.5389120692602
3.7 13.4301421939967 6.88353562681554 16.8487761868486
3.8 14.1649516432192 7.86081676824062 18.2277164777582
3.9 15.0119382297659 9.12707837329843 19.6855057534032
4 16 10.6823204419889 21.2348066298343
4.1 16.9983360535065 9.34337039066619 22.8858392242191
4.2 17.8804680306383 8.35823891449344 24.6306003713231
4.3 18.6817777889102 7.72692601347068 26.4592387563847
4.4 19.4376471858374 7.44943168759789 28.3654412503936
4.5 20.1834580789348 7.52575593687508 30.3464329100912
4.6 20.9545923257174 7.95589876130225 32.4029769779701
4.7 21.7864317837002 8.7398601608794 34.5393748822746
4.8 22.7143583103983 9.87764013560653 36.7634662370006
4.9 23.7737537633265 11.3692386854836 39.0866288418953
5 25 13.2146558105107 41.5237786824574
5.1 26.2366237331067 11.5874802847789 44.0869658487175
5.2 27.3314283435867 10.3782733579751 46.7663761249912
5.3 28.3262106913327 9.58703503009951 49.5499174420104
5.4 29.2627676362375 9.21376530115204 52.4296774164963
5.5 30.182896038194 9.25846417113272 55.4019233511596
5.6 31.128392757095 9.72113164004154 58.4671022346999
5.7 32.1410546528333 10.6017677078785 61.6298407418065
5.8 33.2626785853016 11.9003723746436 64.8989452331576
5.9 34.5350614143929 13.6169456403369 68.2874017554209
6 35.9999999999999 15.7514875049582 71.8123760412533
6.1 37.4752862821302 13.8346243524423 75.4877377413202
6.19999999999999 38.7830021134475 12.4000784886995 79.3018476159855
6.29999999999999 39.9713792228292 11.44784991373 83.2403602066118
6.39999999999999 41.0886493391526 10.9779386275338 87.2937532274494
6.49999999999999 42.183044191295 10.990344630111 91.4573275656363
6.59999999999999 43.3027955081339 11.4850679214616 95.7312072811983
6.69999999999999 44.4961350185465 12.4621085015855 100.120339607049
6.79999999999999 45.8112944514101 13.9214663704827 104.634494948989
6.89999999999999 47.2965055356021 15.8631415281533 109.288266885708
6.99999999999999 48.9999999999999 18.2871339745972 114.101072168783
7.09999999999999 50.7558653991121 16.874592517204 119.09004255662
7.19999999999999 52.3838022053521 15.7285621171543 124.247980962176
7.29999999999999 53.9104615244544 14.8490427744483 129.563427081452
7.39999999999999 55.3624944621532 14.2360344890861 135.027585721021
7.49999999999999 56.766552124183 13.8895372610676 140.634326798027
7.59999999999999 58.1492856162782 13.809551090393 146.380185340193
7.69999999999999 59.5373460441731 13.9960759770621 152.26436148581
7.79999999999999 60.9573845136021 14.4491119210749 158.288720483745
7.89999999999999 62.4360521302995 15.1686589224315 164.457792693439
7.99999999999999 63.9999999999998 16.1547169811319 170.778773584905
8.09999999999999 65.6277283018866 16.3956226415094 177.259959245282
8.19999999999999 67.2782792452828 16.6111698113207 183.905079999999
8.29999999999999 68.9491169811319 16.801358490566 190.716291320754
8.39999999999999 70.6377056603772 16.9661886792453 197.695495094339
8.49999999999999 72.341509433962 17.1056603773585 204.844339622641
8.59999999999999 74.05799245283 17.2197735849056 212.164219622641
8.69999999999999 75.7846188679243 17.3085283018868 219.656276226414
8.79999999999999 77.5188528301885 17.3719245283019 227.321396981131
8.89999999999999 79.2581584905658 17.4099622641509 235.160215849056
8.99999999999999 80.9999999999997 17.422641509434 243.173113207546
