100 1712.74558471768 18.4549607364914
200 1716.34687768884 14.0120222008028
300 1716.82960573998 11.5291203874148
400 1724.66593790157 10.0051948977909
500 1715.25326350589 8.7350779425161
600 1715.45252703635 8.21223826820288
700 1711.48212801018 7.52179324592536
800 1709.03573682412 7.07873025880542
900 1716.74650756019 6.51874941011075
1000 1718.70881277632 6.3314706724117
1100 1717.90144201298 5.99820276074316
1200 1719.70896354881 5.6190107013917
1300 1702.00293218154 5.41545945196832
1400 1721.61350763567 5.24077419341948
1500 1720.50991922824 5.01949242803672
1600 1717.88291472878 4.93996440500548
1700 1715.88769376746 4.80911089363549
1800 1713.69823449547 4.60633627266059
1900 1719.2134689842 4.49099245244155
2000 1718.29741636638 4.41864873436528
2100 1723.87671527948 4.25318684203319
2200 1720.89939575424 4.23984786132969
2300 1719.899810743 4.05089753843827
2400 1726.08704497358 4.07250135373032
2500 1725.14390935349 3.92126932073584
2600 1715.64867278321 3.87055725251942
2700 1718.43897328789 3.81031341289932
2800 1717.92058287659 3.72778636576631
2900 1714.79942862006 3.62450003834042
3000 1718.61756782585 3.58023254335998
3100 1716.89550126183 3.54236730281312
3200 1718.34710674538 3.50424702425257
3300 1717.15812095721 3.46821929705153
3400 1717.41447761032 3.41025284686536
3500 1717.1450407496 3.3565950253785
3600 1722.99075247432 3.23820637962699
3700 1718.00027356777 3.24284442026025
3800 1718.44769327963 3.21731863091566
3900 1716.10056243286 3.1521766594541
4000 1720.04855717822 3.0843005129569
4100 1721.97276869808 3.09961718145765
4200 1717.37338234404 3.04447420287306
4300 1715.96245314853 3.03716699746769
4400 1722.19081848611 2.99118880646986
4500 1718.97765770644 2.97904686039035
4600 1720.4301334342 2.91122763373692
4700 1716.20985863108 2.8856530300964
4800 1718.64209198654 2.8747284561384
4900 1713.35486852351 2.84135985348395
5000 1724.0175343096 2.77254373329413
5100 1723.06050689985 2.76448477946092
5200 1720.29853817895 2.74515980747206
5300 1719.76103388507 2.73183649234758
5400 1720.46096024761 2.73985999801327
5500 1720.6396049939 2.66424447673984
5600 1717.20198364091 2.62797026589278
5700 1716.07143269998 2.6139929042187
5800 1720.57523348277 2.60269634401257
5900 1716.42094558703 2.55976918735662
6000 1718.62739264006 2.54411068277677
6100 1718.04286892035 2.55233959862571
6200 1719.48182548232 2.52423286135779
6300 1719.43271373982 2.48690160843896
6400 1719.74973167303 2.46902908537043
6500 1719.15686497786 2.45349897725255
6600 1715.77965242118 2.42254600257371
6700 1719.7631137535 2.41106223659919
6800 1718.72994048323 2.38394809615889
6900 1721.73791880138 2.3618564906645
7000 1720.64865181456 2.35334803118306
7100 1720.17920704126 2.33158937200545
7200 1718.16072747608 2.31955859060908
7300 1719.6492950443 2.3196426776217
7400 1719.48232257063 2.29415708473723
7500 1720.73873822725 2.2615385981138
7600 1721.29660966483 2.28203808391145
7700 1719.58695552043 2.24914418492163
7800 1719.54808124585 2.21733241092005
7900 1720.64353001489 2.22901092134941
8000 1720.23579399176 2.20563075296706
8100 1723.97085997674 2.17677176628723
8200 1717.93764452871 2.18375197349686
8300 1719.17940407252 2.16567985467343
8400 1719.47154434772 2.14382989928126
8500 1718.640180487 2.14656243010344
8600 1719.10134764444 2.129508678818
8700 1722.23458823151 2.11087907584643
8800 1715.0061856336 2.1157290819853
8900 1720.64452877386 2.09669689206011
9000 1718.19465856834 2.07625645293711
9100 1720.7336863052 2.07343883458832
9200 1720.18980466701 2.05207673998132
9300 1718.82057092559 2.03553060906524
9400 1718.0563496417 2.04136706566881
9500 1719.54788513076 2.03041923747918
9600 1720.09782766702 2.0196148096074
9700 1718.0759236964 2.01862664126249
9800 1719.48948448078 1.97848918547132
9900 1721.24766062475 1.98369070669157


100 1.07682828199838 0.0655494630689375
200 1.29132474200694 0.0860410164576006
300 1.59521513659388 0.369364677033915
400 1.40902804595051 0.0927976958007822
500 1.25742983586537 0.0820259211664202
600 1.42982718805867 0.126851461979771
700 1.24864759413132 0.0438574106552817
800 1.40906721625131 0.0892119064384589
900 1.25486984757764 0.036172055889493
1000 1.44348185470592 0.0746666072944269
1100 1.59473987377179 0.241653776120305
1200 1.33033121823078 0.0544516899687739
1300 1.49667086509347 0.11416138133343
1400 1.26593436282836 0.0311070059001715
1500 1.337064921841 0.0523380181317985
1600 1.54034877560526 0.165473258630812
1700 1.43064181883358 0.0740003028466961
1800 1.27198358493056 0.0310889852597276
1900 1.29947702751562 0.0369649614232289
2000 1.31982119526034 0.0375758485984388
2100 1.36140783024087 0.0355579537575235
2200 1.3863273868425 0.0629055476849592
2300 1.42117562417504 0.108016886065718
2400 1.28146650567358 0.0339654957284598
2500 1.61484841973952 0.202314294739155
2600 1.39603813871015 0.0501636323590854
2700 1.34309280937952 0.0461162581009979
2800 1.39338798402527 0.0662535159405349
2900 1.31504240021146 0.027312183991275
3000 1.3453328420721 0.0408653669858825
3100 1.27044220447748 0.0236536412205422
3200 1.32534283689915 0.0332904994731348
3300 1.70186605770536 0.264056924993928
3400 1.31578974238904 0.0393585625370714
3500 1.37304707819432 0.0472170645636817
3600 1.28670790880045 0.0256702954954331
3700 1.34004625567003 0.0401861724480567
3800 1.38420168459361 0.051581307286014
3900 1.48476450168521 0.156677550202585
4000 1.45747257760858 0.143914764615174
4100 1.29594235606337 0.0242815674803407
4200 1.37019784943388 0.0389381530509542
4300 1.36498718965039 0.0314103024130315
4400 1.36494442569589 0.0386957511166767
4500 1.35369967350238 0.042325556010461
4600 1.30727255062297 0.0240089370166542
4700 1.48435709336686 0.105713978557654
4800 1.38890945202641 0.0383013648877699
4900 1.44323961804478 0.0773208984941254
5000 1.39981520938311 0.0489304560330604
5100 1.28689806743289 0.0201316213677255
5200 1.35663466626468 0.0422821309967974
5300 1.40957098861293 0.0916221641841021
5400 1.42542326278086 0.0720683273294796
5500 1.46495641501932 0.0776649166311791
5600 1.42722750475192 0.0704677284428782
5700 1.37147616389194 0.0605599183563503
5800 1.37416170245152 0.03891717726611
5900 1.31684632347813 0.021496448485098
6000 1.46046322706125 0.0602778914102147
6100 1.35726732723513 0.0361644365842473
6200 1.51412149738521 0.084752868728881
6300 1.32530990383609 0.0259639973764302
6400 1.41106757310717 0.0606040612967402
6500 1.36998628399308 0.0444856298922803
6600 1.34542640554012 0.0374766079555107
6700 1.44578420665021 0.0721199145166249
6800 1.3207442432144 0.0274924308547296
6900 1.31898467242411 0.0299179204340569
7000 1.4142008489942 0.0395142790243009
7100 1.31404069716857 0.0201785565723103
7200 1.37927125899804 0.0337545800926934
7300 1.36363342767273 0.040170218234579
7400 1.33052418711076 0.027038462275187
7500 1.44564662340184 0.0730453546489231
7600 1.36559500917633 0.0321504394023491
7700 1.41654815256716 0.0500787835256828
7800 1.35367282900493 0.041738860286535
7900 1.33389625797576 0.0244114932187367
8000 1.4498846503516 0.0508831062344406
8100 1.37316175619606 0.0282287897310255
8200 1.39835492058781 0.033487812109847
8300 1.38020686253396 0.0396628179313551
8400 1.32719102655075 0.0216836132241732
8500 1.34090835916556 0.0256155707391295
8600 1.42326808903814 0.0329723592292167
8700 1.34877951596705 0.0378595823123346
8800 1.48354643486893 0.0901274700468246
8900 1.36523490260046 0.0260770328151587
9000 1.40097117700823 0.0539707984208312
9100 1.36800556845132 0.0274057830267586
9200 1.44724019410624 0.0977031123974693
9300 1.30996654899548 0.020499895413039
9400 1.36127603214209 0.0302075693032659
9500 1.45634855072801 0.0562508525192448
9600 1.34320050675938 0.020227701342999
9700 1.33874902800431 0.0200299316899822
9800 1.43449260253736 0.0488014628546906
9900 1.39025452718134 0.0348252085646233
