0 0 -1
0.159154943091895 -0.158534372391659 -0.987355441131184
0.318309886183791 -0.313140322648964 -0.949716306185616
0.477464829275686 -0.459821052237571 -0.88803041231878
0.636619772367581 -0.594828881961463 -0.803878211465536
0.795774715459477 -0.714765850521865 -0.699397435864209
0.954929658551372 -0.816615731675331 -0.577226206667649
1.11408460164327 -0.89780602725632 -0.440454165322896
1.27323954473516 -0.956273872498988 -0.292568585276942
1.43239448782706 -0.990563303690764 -0.137269109478341
1.59154943091895 -0.999798674268387 0.0214859955750437
1.75070437401085 -0.983752589407957 0.17969560250322
1.90985931710274 -0.942830966636492 0.33336193854171
2.06901426019464 -0.87806841386223 0.478599108705058
2.22816920328654 -0.791103986810923 0.611732372172177
2.38732414637843 -0.68414177308944 0.7293915502287
2.54647908947033 -0.559877308029912 0.828613242647488
2.70563403256222 -0.421461848178917 0.906880704109469
2.86478897565412 -0.27238469610951 0.962221344227777
3.02394391874601 -0.116430421046946 0.993230643623964
3.18309886183791 0.042470519650705 0.999129425448995
3.3422538049298 0.200298195307767 0.979767439925059
3.5014087480217 0.353060929976792 0.935634424774956
3.66056369111359 0.496896401266561 0.867846699242429
3.81971863420549 0.628168630136546 0.778118364018129
3.97887357729738 0.743559655747009 0.668717555414828
4.13802852038928 0.840153222733424 0.542408528024833
4.29718346348117 0.915503421116732 0.402390306955657
4.45633840657307 0.967708610837822 0.252199297443624
4.61549334966497 0.99544957029576 0.0956289050317369
4.77464829275686 0.998023514497936 -0.0633535784644887
4.93380323584876 0.975366269637118 -0.220738462377154
5.09295817894065 0.928050987642968 -0.372540172385867
5.25211312203255 0.857274179948181 -0.514923113499581
5.41126806512444 0.764823851371339 -0.64428987760406
5.57042300821634 0.653037825797502 -0.757368272008623
5.72957795130823 0.524743311081694 -0.851298777761327
5.88873289440013 0.383184182112459 -0.923707210376919
6.04788783749202 0.231937564705698 -0.97276416612531
6.20704278058392 0.0748271534796889 -0.997229219401204
6.36619772367581 -0.084175388163301 -0.99648373395942
6.52535266676771 -0.241048214493136 -0.970546802302303
6.6845076098596 -0.391826701092349 -0.920074533129607
6.8436625529515 -0.532699996132436 -0.846342723065198
7.0028174960434 -0.660107592501605 -0.751214561506206
7.16197243913529 -0.770827312154701 -0.637095520924999
7.32112738222719 -0.862059005025918 -0.506872426319242
7.48028232531908 -0.93149936198379 -0.36383299385633
7.63943726841098 -0.977390048933194 -0.211599025908514
7.79859221150287 -0.998573046077697 -0.0540131371216705
7.95774715459477 -0.994511991461191 0.104935172957469
8.11690209768666 -0.965309600599213 0.261233565584211
8.27605704077856 -0.911704931061217 0.41092536850074
8.43521198387045 -0.835052452822604 0.550229920991085
8.59436692696235 -0.737289430920235 0.675625587435511
8.75352187005424 -0.62088810377185 0.783941093465625
8.91267681314614 -0.488792376056662 0.872437754141806
9.07183175623804 -0.344339671197513 0.938880086108037
9.23098669932993 -0.191181999543095 0.981588044678086
9.39014164242183 -0.0331913416647185 0.999481867691492
9.54929658551372 0.125638251541067 0.99210922634427
9.70845152860562 0.281291615500323 0.959656567211653
9.86760647169751 0.429833957500467 0.902944338046392
10.0267614147894 0.567510312191213 0.823406196047159
10.1859163578813 0.69084044558514 0.72305270780295
10.3450713009732 0.796706792635307 0.604420452151724
10.5042262440651 0.882432273614578 0.470509408426102
10.663381187157 0.945850102919828 0.324705056739047
10.8225361302489 0.985357820122061 0.170691966628523
10.9816910733408 0.999956512135426 0.0123625188408993
11.1408460164327 0.989276904551492 -0.146277263284457
11.3000009595246 0.953589241292166 -0.301219811535638
11.4591559026165 0.893795199447494 -0.448548796796431
11.6183108457084 0.811407583449231 -0.584537054692299
11.7774657888003 0.708507043254386 -0.705750435679188
11.9366207318922 0.587697708769645 -0.809121286510496
12.095775674984 0.452030349465986 -0.892039502871747
12.2549306180759 0.304937476763851 -0.952406956239162
12.4140855611678 0.150135431952303 -0.988698765960443
12.5732405042597 -0.00846280968769692 -0.999997167055786
12.7323954473516 -0.166844863955135 -0.986016576135415
12.8915503904435 -0.321010385948355 -0.947110471817748
13.0507053335354 -0.467061544442468 -0.884262101744456
13.2098602766273 -0.601305521482106 -0.799060472069528
13.3690152197192 -0.720348190646116 -0.69366015964999
13.5281701628111 -0.821181675750141 -0.570724615522651
13.687325105903 -0.901256709733234 -0.433361610510888
13.8464800489949 -0.958548943588777 -0.285043643412341
14.0056349920868 -0.991610057695198 -0.129520120139901
14.1647899351787 -0.999604326063287 0.0292774405035371
14.3239448782706 -0.982329709888143 0.187334791429784
14.4830998213625 -0.940222943231208 0.340656429011511
14.6422547644544 -0.874348476223286 0.485366591098887
14.8014097075463 -0.786371549475728 0.617807227812343
14.9605646506382 -0.678516076642175 0.734630464539475
15.1197195937301 -0.553508399458238 0.832883213729916
15.278874536822 -0.414508340652112 0.910081790218802
15.4380294799138 -0.265030570185516 0.964274253183272
15.5971844230057 -0.108853681559054 0.994090989566457
15.7563393660976 0.0500751810192289 0.99877849747899
15.9154943091895 0.207738970629741 0.978218054795769


0 3.04159265358979 0
0.1 3.03910818126897 -0.0496667132534454
0.2 3.03163850214883 -0.100347665913783
0.3 3.01905203881216 -0.154000817670715
0.4 3.00083852330975 -0.214155549830997
0.5 2.97636967862002 -0.282696371352328
0.6 2.94470713657026 -0.362809944216584
0.7 2.90394206064006 -0.459458957933614
0.8 2.85236259563067 -0.57625640982833
0.9 2.78795891644159 -0.717427986637352
1 2.70785338242057 -0.888692331619584
1.1 2.60885189716705 -1.09568976882194
1.2 2.48703349238702 -1.34436150682573
1.3 2.33801541646509 -1.63952857688999
1.4 2.15696490800047 -1.98338590998587
1.5 1.93914604077527 -2.3722860522002
1.6 1.68063120488315 -2.79263764289515
1.7 1.37950679975775 -3.21628582756647
1.8 1.03803996475419 -3.59736275818874
1.9 0.662425155211434 -3.87859823802179
2 0.266188969637929 -4.00283010908577
2.1 -0.133000216269932 -3.93582417116758
2.2 -0.515797455130389 -3.68043313774686
2.3 -0.865032830258881 -3.27450903870598
2.4 -1.16833594940242 -2.77341027817582
2.5 -1.41893375855046 -2.22986610044523
2.6 -1.61459921979842 -1.68183403007338
2.7 -1.75610607587069 -1.1499895458636
2.8 -1.84550877269472 -0.641120684469688
2.9 -1.88506936155513 -0.153300282702709
3 -1.87660992462493 0.320419238346292
3.1 -1.82115546488187 0.787022666023466
3.2 -1.71916010362229 1.25130993963211
3.3 -1.57081463034112 1.71256690566671
3.4 -1.37680133088329 2.16148108889678
3.5 -1.13927171757748 2.57767406109294
3.6 -0.862994739662673 2.929488774492
3.7 -0.556355251567967 3.17839247412838
3.8 -0.231502352327113 3.28881145769024
3.9 0.0965097667042604 3.24018651397115
4 0.411703407426497 3.03528583660755
4.1 0.699535962750984 2.69913394348904
4.2 0.948712181611276 2.26934942534977
4.3 1.15181466683516 1.78427078733187
4.4 1.30492773518217 1.27452161058625
4.5 1.40667814965758 0.760129947369995
4.6 1.45721341743009 0.251875858884753
4.7 1.45743058544707 -0.245372238095578
4.8 1.40856745454946 -0.728827797268231
4.9 1.31219678159948 -1.19411339622343
5 1.1705355480053 -1.63220823105455
5.1 0.987031367658112 -2.027385358344
5.2 0.767053091674659 -2.35710171809457
5.3 0.51846795907097 -2.59482129720649
5.4 0.251765979826156 -2.71597190712496
5.5 -0.0205357850809636 -2.70536961503751
5.6 -0.285102119239852 -2.56270847147803
5.7 -0.529348362515425 -2.30303391555673
5.8 -0.742813070503102 -1.95190871209209
5.9 -0.917785697208453 -1.53825810741474
6 -1.04936073445371 -1.08823075635734
6.1 -1.13496730235629 -0.622114562317665
6.2 -1.17376196012214 -0.154262978342657
6.3 -1.16610817707691 0.30505397718725
6.4 -1.1133073369339 0.746945072730388
6.5 -1.01758609560298 1.1613078741344
6.6 -0.882332403678268 1.53489961144421
6.7 -0.712434194289368 1.85079080259413
6.8 -0.514627652133912 2.08965267698635
6.9 -0.297565152477208 2.23311967351908
7 -0.0715004825336419 2.26832031208433
7.1 0.152483909210786 2.1917962510937
7.2 0.363463099607262 2.01097189110468
7.3 0.551820192623971 1.74221871849964
7.4 0.709778372976303 1.40692720661042
7.5 0.831791747796855 1.02706410096944
7.6 0.914408085585232 0.622175134254219
7.7 0.955957675438187 0.208350268231258
7.8 0.956224723126021 -0.201261036143203
7.9 0.91622509449733 -0.594945400385521
8 0.838160121662162 -0.960751448135626
8.1 0.725411111241026 -1.28568948240323
8.2 0.582817567151985 -1.55497117320107
8.3 0.416717474809716 -1.75354435919997
8.4 0.234840009511629 -1.86836566969728
8.5 0.046040332453388 -1.8911584868581
8.6 -0.140354008963277 -1.8207225090309
8.7 -0.315280448999309 -1.66354261091754
8.8 -0.470663240217575 -1.43248730492653
8.9 -0.599926848373426 -1.14421051145154
9 -0.698232157018029 -0.816378423563231
9.1 -0.762471041621097 -0.465652965095675
9.2 -0.791111361101295 -0.106872305269927
9.3 -0.78401833292102 0.246779307838173
9.4 -0.742324291003311 0.583012731800586
9.5 -0.668380411707155 0.889630614075971
9.6 -0.565770063040063 1.15412632071709
9.7 -0.439336093853676 1.36399750642878
9.8 -0.295125246453062 1.50789568362076
9.9 -0.140192569063356 1.57732665904239
10 0.0177729834066188 1.56835529274647
