1 0.841470984807897 0.54030230586814
2 0.909297426825682 -0.416146836547142
3 0.141120008059867 -0.989992496600445
4 -0.756802495307928 -0.653643620863612
5 -0.958924274663138 0.283662185463226
5 -0.958924274663138 0.283662185463226
6 -0.279415498198926 0.960170286650366
7 0.656986598718789 0.753902254343305
8 0.989358246623382 -0.145500033808614
5 -0.958924274663138 0.283662185463226
2 0.909297426825682 -0.416146836547142
3 0.141120008059867 -0.989992496600445
5 -0.958924274663138 0.283662185463226
7 0.656986598718789 0.753902254343305
9 0.412118485241757 -0.911130261884677
1 0.841470984807897 0.54030230586814
3 0.141120008059867 -0.989992496600445
45 0.850903524534118 0.52532198881773
