0 2.65180623747958
1 3.18218868141164
2 1.50262168212916
3 3.88491181604793
4 4.93667179948495


0 2.65180623747958 0 
0.0816326530612245 2.69510276351485 0.218241183714058 
0.163265306122449 2.73839928955012 0.44001677771671 
0.244897959183673 2.78169581558539 0.665326782007956 
0.326530612244898 2.82499234162066 0.894171196587795 
0.408163265306122 2.86828886765593 1.12655002145623 
0.489795918367347 2.9115853936912 1.36246325661325 
0.571428571428571 2.95488191972647 1.60191090205887 
0.653061224489796 2.99817844576175 1.84489295779309 
0.73469387755102 3.04147497179702 2.09140942381589 
0.816326530612245 3.08477149783229 2.34146030012729 
0.897959183673469 3.12806802386756 2.59504558672729 
0.979591836734694 3.17136454990283 2.85216528361587 
1.06122448979592 3.07935804880251 3.10867746139094 
1.14285714285714 2.942250538657 3.35445740373623 
1.22448979591837 2.80514302851149 3.58904489627372 
1.30612244897959 2.66803551836599 3.81243993900341 
1.38775510204082 2.53092800822048 4.02464253192531 
1.46938775510204 2.39382049807497 4.22565267503941 
1.55102040816327 2.25671298792946 4.41547036834571 
1.63265306122449 2.11960547778395 4.59409561184422 
1.71428571428571 1.98249796763844 4.76152840553493 
1.79591836734694 1.84539045749293 4.91776874941784 
1.87755102040816 1.70828294734742 5.06281664349296 
1.95918367346939 1.57117543720191 5.19667208776028 
2.04081632653061 1.59985801412584 5.32271855338448 
2.12244897959184 1.79433067811921 5.46125686735367 
2.20408163265306 1.98880334211258 5.61567050083252 
2.28571428571429 2.18327600610595 5.78595945382103 
2.36734693877551 2.37774867009932 5.9721237263192 
2.44897959183673 2.57222133409269 6.17416331832704 
2.53061224489796 2.76669399808606 6.39207822984454 
2.61224489795918 2.96116666207943 6.6258684608717 
2.69387755102041 3.15563932607279 6.87553401140853 
2.77551020408163 3.35011199006616 7.14107488145502 
2.85714285714286 3.54458465405953 7.42249107101117 
2.93877551020408 3.7390573180529 7.71978258007698 
3.02040816326531 3.90637630550583 8.03267233032041 
3.10204081632653 3.99223426333742 8.35506459843647 
3.18367346938776 4.07809222116902 8.68446567943673 
3.26530612244898 4.16395017900061 9.0208755733212 
3.3469387755102 4.2498081368322 9.36429428008989 
3.42857142857143 4.3356660946638 9.71472179974278 
3.51020408163265 4.42152405249539 10.0721581322799 
3.59183673469388 4.50738201032698 10.4366032777012 
3.6734693877551 4.59323996815858 10.8080572360067 
3.75510204081633 4.67909792599017 11.1865200071965 
3.83673469387755 4.76495588382177 11.5719915912705 
3.91836734693878 4.85081384165336 11.9644719882286 
4 4.93667179948495 12.363961198071 
