0.1 -2.27470295374385
0.13125 -0.991421387400149
0.1625 -0.592301937636016
0.19375 -0.463542347323089
0.225 -0.434117241346012
0.25625 -0.445041535747235
0.2875 -0.472914772579918
0.31875 -0.507526597618276
0.35 -0.54413032536916
0.38125 -0.58043668604979
0.4125 -0.61533184551958
0.44375 -0.648290162968114
0.475 -0.67908953533099
0.50625 -0.707667102103646
0.5375 -0.734043506917768
0.56875 -0.758282098029912
0.6 -0.780466567675232
0.63125 -0.800688602306597
0.6625 -0.819041090841432
0.69375 -0.835614470087384
0.725 -0.85049485939796
0.75625 -0.863763219134982
0.7875 -0.875495091531052
0.81875 -0.885760666540498
0.85 -0.89462502159266
0.88125 -0.902148446492412
0.9125 -0.908386801665318
0.94375 -0.913391880024765
0.975 -0.917211755985475
1.00625 -0.919891113091228
1.0375 -0.921471546456574
1.06875 -0.921991838998441
1.1 -0.921488212015727
1.13125 -0.919994551529032
1.1625 -0.917542612205831
1.19375 -0.914162200845912
1.225 -0.90988134139789
1.25625 -0.90472642338784
1.2875 -0.898722335507529
1.31875 -0.89189258595745
1.35 -0.88425941098421
1.38125 -0.875843872901137
1.4125 -0.86666594874009
1.44375 -0.856744610553374
1.475 -0.846097898268132
1.50625 -0.83474298589136
1.5375 -0.822696241771132
1.56875 -0.809973283537739
1.6 -0.796589028276267
1.63125 -0.782557738418673
1.6625 -0.767893063787557
1.69375 -0.752608080174874
1.725 -0.736715324795707
1.75625 -0.720226828919462
1.7875 -0.70315414794755
1.81875 -0.685508389177391
1.85 -0.667300237466804
1.88125 -0.648539978990146
1.9125 -0.629237523257515
1.94375 -0.609402423550603
1.975 -0.589043895913145
2.00625 -0.568170836819972
2.0375 -0.546791839636391
2.06875 -0.524915209968633
2.1 -0.502548979996369
2.13125 -0.479700921869622
2.1625 -0.456378560244612
2.19375 -0.432589184026189
2.225 -0.40833985737826
2.25625 -0.383637430058096
2.2875 -0.358488547125384
2.31875 -0.332899658072431
2.35 -0.306877025417866
2.38125 -0.280426732802577
2.4125 -0.253554692623305
2.44375 -0.226266653236392
2.475 -0.198568205761449
2.50625 -0.170464790512328
2.5375 -0.141961703080543
2.56875 -0.113064100094301
2.6 -0.0837770046744803
2.63125 -0.0541053116072356
2.6625 -0.0240537922514004
2.69375 0.00637290080251117
2.725 0.0371702293061701
2.75625 0.0683337651457783
2.7875 0.0998591863395481
2.81875 0.131742273227953
2.85 0.163978904845251
2.88125 0.196565055461603
2.9125 0.229496791285856
2.94375 0.262770267319746
2.975 0.29638172435489
3.00625 0.330327486104549
3.0375 0.364603956462656
3.06875 0.399207616883102
3.1 0.434135023872741
3.13125 0.469382806591993
3.1625 0.5049476645573
3.19375 0.540826365440091
3.225 0.577015742957196
3.25625 0.613512694848013
3.2875 0.65031418093399
3.31875 0.687417221256251
3.35 0.724818894287465
3.38125 0.762516335214293
3.4125 0.800506734286915
3.44375 0.83878733523242
3.475 0.877355433728962
3.50625 0.916208375937794
3.5375 0.955343557090452
3.56875 0.994758420128516
3.6 1.0344504543935
3.63125 1.0744171943646
3.6625 1.11465621844208
3.69375 1.15516514777428
3.725 1.19594164512632
3.75625 1.23698341378857
3.7875 1.27828819652324
3.81875 1.31985377454741
3.85 1.36167796655084
3.88125 1.40375862774722
3.9125 1.44609364895739
3.94375 1.4886809557231
3.975 1.53151850745017
4.00625 1.57460429657981
4.0375 1.61793634778683
4.06875 1.66151271720383
4.1 1.70533149167023
4.13125 1.74939078800506
4.1625 1.7936887523028
4.19375 1.83822355925114
4.225 1.88299341146991
4.25625 1.9279965388704
4.2875 1.97323119803416
4.31875 2.01869567161068
4.35 2.06438826773314
4.38125 2.11030731945159
4.4125 2.15645118418292
4.44375 2.20281824317699
4.475 2.24940690099832
4.50625 2.29621558502279
4.5375 2.34324274494876
4.56875 2.39048685232221
4.6 2.43794640007529
4.63125 2.48561990207779
4.6625 2.53350589270121
4.69375 2.58160292639489
4.725 2.62990957727376
4.75625 2.67842443871743
4.7875 2.72714612298006
4.81875 2.77607326081088
4.85 2.82520450108471
4.88125 2.87453851044245
4.9125 2.92407397294097
4.94375 2.97380958971219
4.975 3.02374407863111
5.00625 3.07387617399233
5.0375 3.12420462619498
5.06875 3.17472820143566
5.1 3.22544568140915
5.13125 3.27635586301672
5.1625 3.32745755808169
5.19375 3.37874959307212
5.225 3.43023080883034
5.25625 3.48190006030912
5.2875 3.53375621631433
5.31875 3.58579815925375
5.35 3.63802478489206
5.38125 3.69043500211165
5.4125 3.7430277326791
5.44375 3.79580191101725
5.475 3.84875648398261
5.50625 3.90189041064798
5.5375 3.95520266209016
5.56875 4.00869222118249
5.6 4.06235808239229
5.63125 4.11619925158279
5.6625 4.17021474581968
5.69375 4.22440359318196
5.725 4.27876483257706
5.75625 4.33329751356012
5.7875 4.38800069615725
5.81875 4.44287345069268
5.85 4.49791485761978
5.88125 4.55312400735571
5.9125 4.60850000011965
5.94375 4.66404194577457
5.975 4.71974896367242
6.00625 4.77562018250254
6.0375 4.83165474014338
6.06875 4.88785178351731
6.1 4.94421046844848
6.13125 5.0007299595237
6.1625 5.05740942995616
6.19375 5.114248061452
6.225 5.17124504407961
6.25625 5.22839957614163
6.2875 5.28571086404957
6.31875 5.34317812220088
6.35 5.40080057285865
6.38125 5.45857744603357
6.4125 5.51650797936837
6.44375 5.57459141802448
6.475 5.63282701457095
6.50625 5.69121402887557
6.5375 5.74975172799811
6.56875 5.80843938608562
6.6 5.86727628426979
6.63125 5.92626171056628
6.6625 5.98539495977595
6.69375 6.04467533338803
6.725 6.10410213948511
6.75625 6.16367469264987
6.7875 6.22339231387366
6.81875 6.28325433046674
6.85 6.34326007597018
6.88125 6.40340889006942
6.9125 6.46370011850945
6.94375 6.52413311301149
6.975 6.58470723119121
7.00625 6.6454218364785
7.0375 6.70627629803863
7.06875 6.76726999069481
7.1 6.82840229485226
7.13125 6.88967259642348
7.1625 6.95108028675501
7.19375 7.01262476255533
7.225 7.07430542582416
7.25625 7.13612168378293
7.2875 7.19807294880652
7.31875 7.26015863835611
7.35 7.32237817491326
7.38125 7.38473098591513
7.4125 7.44721650369076
7.44375 7.50983416539848
7.475 7.57258341296437
7.50625 7.63546369302181
7.5375 7.69847445685194
7.56875 7.76161516032526
7.6 7.8248852638441
7.63125 7.88828423228613
7.6625 7.95181153494871
7.69375 8.01546664549425
7.725 8.07924904189647
7.75625 8.14315820638745
7.7875 8.20719362540565
7.81875 8.27135478954467
7.85 8.33564119350299
7.88125 8.40005233603435
7.9125 8.46458771989903
7.94375 8.52924685181591
7.975 8.59402924241523
8.00625 8.65893440619219
8.0375 8.72396186146118
8.06875 8.78911113031082
8.1 8.85438173855965
8.13125 8.91977321571255
8.1625 8.9852850949178
8.19375 9.05091691292485
8.225 9.11666821004268
8.25625 9.18253853009887
8.2875 9.24852742039924
8.31875 9.31463443168817
8.35 9.38085911810942
8.38125 9.44720103716768
8.4125 9.51365974969055
8.44375 9.58023481979124
8.475 9.64692581483171
8.50625 9.7137323053864
8.5375 9.78065386520656
8.56875 9.84769007118499
8.6 9.9148405033214
8.63125 9.98210474468824
8.6625 10.049482381397
8.69375 10.1169730025651
8.725 10.1845762002831
8.75625 10.2522915695826
8.7875 10.3201187084043
8.81875 10.388057217567
8.85 10.4561067007364
8.88125 10.5242667643948
8.9125 10.5925370178115
8.94375 10.6609170730126
8.975 10.7294065447522
9.00625 10.7980050504839
9.0375 10.866712210332
9.06875 10.9355276470638
9.1 11.0044509860623
9.13125 11.0734818552986
9.1625 11.1426198853052
9.19375 11.2118647091501
9.225 11.28121596241
9.25625 11.3506732831452
9.2875 11.4202363118738
9.31875 11.4899046915471
9.35 11.5596780675246
9.38125 11.62955608755
9.4125 11.6995384017269
9.44375 11.7696246624953
9.475 11.8398145246082
9.50625 11.9101076451084
9.5375 11.9805036833061
9.56875 12.0510023007559
9.6 12.1216031612354
9.63125 12.1923059307226
9.6625 12.2631102773748
9.69375 12.3340158715072
9.725 12.4050223855716
9.75625 12.4761294941362
9.7875 12.5473368738647
9.81875 12.6186442034962
9.85 12.6900511638253
9.88125 12.7615574376824
9.9125 12.833162709914
9.94375 12.9048666673641
9.975 12.9766689988547
10.00625 13.0485693951671
10.0375 13.1205675490239
10.06875 13.1926631550701
10.1 13.2648559098556
10.13125 13.3371455118173
10.1625 13.4095316612613
10.19375 13.4820140603458
10.225 13.5545924130636
10.25625 13.6272664252259
10.2875 13.7000358044446
10.31875 13.7729002601165
10.35 13.845859503407
10.38125 13.9189132472334
10.4125 13.9920612062495
10.44375 14.0653030968297
10.475 14.1386386370533
10.50625 14.2120675466897
10.5375 14.2855895471826
10.56875 14.3592043616351
10.6 14.4329117147954
10.63125 14.5067113330415
10.6625 14.5806029443675
10.69375 14.6545862783683
10.725 14.7286610662266
10.75625 14.802827040698
10.7875 14.8770839360979
10.81875 14.9514314882873
10.85 15.0258694346599
10.88125 15.1003975141284
10.9125 15.1750154671112
10.94375 15.24972303552
10.975 15.3245199627464
11.00625 15.3994059936492
11.0375 15.4743808745422
11.06875 15.5494443531815
11.1 15.6245961787533
11.13125 15.6998361018617
11.1625 15.7751638745168
11.19375 15.8505792501226
11.225 15.9260819834656
11.25625 16.0016718307029
11.2875 16.077348549351
11.31875 16.1531118982741
11.35 16.2289616376733
11.38125 16.3048975290749
11.4125 16.3809193353203
11.44375 16.4570268205543
11.475 16.5332197502148
11.50625 16.6094978910221
11.5375 16.6858610109684
11.56875 16.7623088793075
11.6 16.8388412665442
11.63125 16.9154579444247
11.6625 16.992158685926
11.69375 17.0689432652461
11.725 17.1458114577946
11.75625 17.2227630401822
11.7875 17.2997977902117
11.81875 17.3769154868683
11.85 17.4541159103101
11.88125 17.5313988418586
11.9125 17.60876406399
11.94375 17.6862113603255
11.975 17.7637405156229
12.00625 17.8413513157668
12.0375 17.9190435477606
12.06875 17.9968169997174
12.1 18.0746714608511
12.13125 18.1526067214682
12.1625 18.2306225729594
12.19375 18.3087188077906
12.225 18.3868952194953
12.25625 18.465151602666
12.2875 18.543487752946
12.31875 18.6219034670217
12.35 18.7003985426143
12.38125 18.7789727784719
12.4125 18.857625974362
12.44375 18.9363579310635
12.475 19.0151684503592
12.50625 19.0940573350279
12.5375 19.1730243888375
12.56875 19.2520694165371
12.6 19.3311922238496
12.63125 19.4103926174648
12.6625 19.4896704050318
12.69375 19.5690253951524
12.725 19.6484573973734
12.75625 19.72796622218
12.7875 19.8075516809887
12.81875 19.8872135861407
12.85 19.9669517508948
12.88125 20.0467659894208
12.9125 20.126656116793
12.94375 20.2066219489833
12.975 20.2866633028549
13.00625 20.3667799961559
13.0375 20.4469718475125
13.06875 20.5272386764232
13.1 20.607580303252
13.13125 20.6879965492228
13.1625 20.7684872364124
13.19375 20.8490521877452
13.225 20.9296912269867
13.25625 21.0104041787377
13.2875 21.0911908684282
13.31875 21.1720511223118
13.35 21.2529847674595
13.38125 21.3339916317545
13.4125 21.4150715438858
13.44375 21.496224333343
13.475 21.5774498304106
13.50625 21.6587478661626
13.5375 21.7401182724565
13.56875 21.8215608819285
13.6 21.9030755279877
13.63125 21.9846620448107
13.6625 22.0663202673367
13.69375 22.1480500312619
13.725 22.2298511730342
13.75625 22.3117235298485
13.7875 22.3936669396413
13.81875 22.4756812410855
13.85 22.5577662735858
13.88125 22.6399218772734
13.9125 22.722147893001
13.94375 22.8044441623383
13.975 22.8868105275669
14.00625 22.9692468316755
14.0375 23.0517529183554
14.06875 23.1343286319953
14.1 23.2169738176772
14.13125 23.2996883211713
14.1625 23.3824719889319
14.19375 23.4653246680924
14.225 23.5482462064609
14.25625 23.6312364525161
14.2875 23.7142952554025
14.31875 23.797422464926
14.35 23.8806179315498
14.38125 23.9638815063899
14.4125 24.047213041211
14.44375 24.1306123884221
14.475 24.2140794010723
14.50625 24.2976139328469
14.5375 24.3812158380629
14.56875 24.4648849716653
14.6 24.5486211892226
14.63125 24.6324243469233
14.6625 24.7162943015714
14.69375 24.8002309105828
14.725 24.8842340319814
14.75625 24.968303524395
14.7875 25.0524392470515
14.81875 25.1366410597751
14.85 25.2209088229828
14.88125 25.3052423976803
14.9125 25.3896416454581
14.94375 25.4741064284884
14.975 25.5586366095211
15.00625 25.6432320518801
15.0375 25.7278926194599
15.06875 25.8126181767218
15.1 25.8974085886908
15.13125 25.9822637209513
15.1625 26.0671834396447
15.19375 26.1521676114649
15.225 26.2372161036556
15.25625 26.3223287840066
15.2875 26.4075055208503
15.31875 26.4927461830589
15.35 26.5780506400404
15.38125 26.6634187617358
15.4125 26.7488504186158
15.44375 26.8343454816772
15.475 26.9199038224401
15.50625 27.0055253129448
15.5375 27.091209825748
15.56875 27.1769572339204
15.6 27.2627674110433
15.63125 27.3486402312054
15.6625 27.4345755689998
15.69375 27.5205732995213
15.725 27.6066332983631
15.75625 27.6927554416135
15.7875 27.7789396058538
15.81875 27.8651856681546
15.85 27.9514935060731
15.88125 28.0378629976505
15.9125 28.1242940214088
15.94375 28.210786456348
15.975 28.2973401819434
16.00625 28.383955078143
16.0375 28.470631025364
16.06875 28.557367904491
16.1 28.6441655968725
16.13125 28.7310239843187
16.1625 28.8179429490984
16.19375 28.9049223739366
16.225 28.9919621420119
16.25625 29.0790621369537
16.2875 29.1662222428395
16.31875 29.2534423441927
16.35 29.3407223259796
16.38125 29.4280620736073
16.4125 29.5154614729206
16.44375 29.6029204102
16.475 29.6904387721592
16.50625 29.778016445942
16.5375 29.8656533191208
16.56875 29.9533492796934
16.6 30.0411042160808
16.63125 30.128918017125
16.6625 30.2167905720865
16.69375 30.3047217706419
16.725 30.3927115028816
16.75625 30.4807596593072
16.7875 30.5688661308299
16.81875 30.6570308087674
16.85 30.7452535848422
16.88125 30.833534351179
16.9125 30.9218730003025
16.94375 31.0102694251356
16.975 31.0987235189966
17.00625 31.1872351755972
17.0375 31.2758042890407
17.06875 31.3644307538193
17.1 31.4531144648122
17.13125 31.5418553172835
17.1625 31.6306532068803
17.19375 31.7195080296299
17.225 31.8084196819386
17.25625 31.897388060589
17.2875 31.9864130627381
17.31875 32.0754945859156
17.35 32.1646325280215
17.38125 32.253826787324
17.4125 32.343077262458
17.44375 32.4323838524226
17.475 32.5217464565797
17.50625 32.6111649746513
17.5375 32.7006393067183
17.56875 32.7901693532182
17.6 32.8797550149432
17.63125 32.9693961930384
17.6625 33.0590927889999
17.69375 33.148844704673
17.725 33.2386518422501
17.75625 33.3285141042691
17.7875 33.4184313936116
17.81875 33.5084036135008
17.85 33.5984306675001
17.88125 33.6885124595108
17.9125 33.7786488937708
17.94375 33.8688398748528
17.975 33.9590853076622
18.00625 34.0493850974355
18.0375 34.1397391497387
18.06875 34.2301473704657
18.1 34.3206096658362
18.13125 34.4111259423942
18.1625 34.5016961070065
18.19375 34.5923200668608
18.225 34.6829977294641
18.25625 34.773729002641
18.2875 34.8645137945323
18.31875 34.955352013593
18.35 35.0462435685912
18.38125 35.1371883686058
18.4125 35.2281863230257
18.44375 35.3192373415476
18.475 35.4103413341746
18.50625 35.501498211215
18.5375 35.5927078832801
18.56875 35.6839702612832
18.6 35.7752852564379
18.63125 35.8666527802565
18.6625 35.9580727445487
18.69375 36.0495450614197
18.725 36.1410696432694
18.75625 36.23264640279
18.7875 36.3242752529654
18.81875 36.4159561070694
18.85 36.507688878664
18.88125 36.5994734815984
18.9125 36.6913098300073
18.94375 36.7831978383095
18.975 36.8751374212066
19.00625 36.9671284936816
19.0375 37.0591709709974
19.06875 37.1512647686954
19.1 37.2434098025944
19.13125 37.3356059887889
19.1625 37.4278532436478
19.19375 37.5201514838134
19.225 37.6125006261995
19.25625 37.7049005879907
19.2875 37.7973512866404
19.31875 37.8898526398702
19.35 37.982404565668
19.38125 38.075006982287
19.4125 38.1676598082444
19.44375 38.2603629623201
19.475 38.3531163635553
19.50625 38.4459199312517
19.5375 38.5387735849694
19.56875 38.6316772445266
19.6 38.7246308299976
19.63125 38.8176342617122
19.6625 38.9106874602538
19.69375 39.003790346459
19.725 39.0969428414157
19.75625 39.1901448664621
19.7875 39.2833963431858
19.81875 39.3766971934221
19.85 39.4700473392534
19.88125 39.5634467030075
19.9125 39.6568952072569
19.94375 39.7503927748172
19.975 39.8439393287465
